[host1V93K,142,152,40684,52]
[hostGN1W1,158,126,41702,53]
[host6CFNF,128,202,42313,54]
[hostTZE5R,148,226,48343,61]
[hostNF877,218,156,56198,70]
[host3NX39,148,322,57061,71]
[host0XKXW,246,108,58289,76]
[host6452H,158,330,59784,75]
[hostRL1N7,118,422,60528,76]
[hostVW1N6,126,408,61305,77]
[hostZ1GV0,122,416,61328,78]
[hostV871Y,158,350,61691,77]
[hostP08J3,118,472,65686,82]
[hostGCX19,282,180,71661,88]
[hostQLL8O,308,124,71824,90]
[hostZ02XR,104,618,78364,99]
[host26RJR,336,162,81192,102]
[hostJFC2V,252,454,91458,112]
[hostKOIXN,276,456,96128,120]
[host1WJCI,334,334,96465,120]
[host1IOR5,242,530,96931,121]
[host58KXO,364,278,98004,122]
[hostKPTK9,436,150,101628,128]
[hostD6AF5,428,178,102419,129]
[hostVIHCW,340,382,102637,130]
[hostMPNSM,106,840,103699,128]
[hostN9ER1,120,840,106224,132]
[host4NLZ1,476,120,107345,134]
[host3O18A,122,854,107738,133]
[hostHV3A3,290,580,111689,139]
[hostYHE7U,196,770,113251,141]
[host5Q14J,462,242,115324,144]
[host38QOL,436,302,115463,145]
[host9T6VX,362,484,117449,146]
[hostQ0Y9D,290,646,118765,149]
[hostPDW5P,152,906,119203,150]
[host3OCWB,134,938,120725,152]
[hostD4V30,418,412,121272,152]
[hostM5K8P,454,326,121764,151]
[host89YJB,136,952,122426,152]
[hostFAZZ8,540,136,123331,153]
[hostZKLOO,254,760,124218,154]
[host5USGI,460,348,124714,156]
[host935A0,580,116,129999,165]
[hostNHJ7X,484,372,132169,167]
[hostZHR5X,478,396,133535,166]
[hostJJA26,424,530,134886,168]
[hostVQJT7,490,424,138581,173]
[host0Y6DP,300,830,141730,176]
[hostTUL1P,286,858,142387,176]
[hostOJTPV,330,786,142608,179]
[hostBNE6L,202,1010,142978,180]
[hostO7S3K,554,372,148176,186]
[hostKK4CI,374,748,148450,186]
[hostEDTJV,224,1024,148990,186]
[host4KH2V,502,504,149135,187]
[hostPS3Y7,666,112,149467,186]
[hostOA529,252,1004,152099,190]
[host1UYMR,402,814,161285,203]
[host6BW3B,548,660,175975,220]
[host1CQ99,760,190,178185,223]
[hostW1Q5U,800,102,179861,224]
[host7TCS4,688,400,180891,226]
[hostX2X18,782,214,185129,231]
[hostU2GC5,568,750,190340,237]
[hostE8YFB,470,1016,199294,250]
[hostU6N7H,504,1006,205303,258]
[hostBCXUL,784,426,205760,257]
[hostRZSJ4,980,132,225615,282]
[hostIFTTD,948,254,228448,285]
[hostQPKI7,650,952,231956,290]
[hostC039T,636,990,234596,294]
[hostQLIZL,852,592,237685,297]
[host2D54I,772,772,239065,299]
[hostUY41I,676,994,243651,305]
[hostGJ11Y,904,548,246070,308]
[host78BMY,996,332,246869,310]
[host78K52,788,838,251170,314]
[hostK94DN,946,770,279796,350]
[hostU9BVM,1018,686,288518,361]
